COma <-
c(23.084, 23.05, 22.74, 21.982, 21.456, 21.446, 21.098, 20.868, 
20.802, 20.732, 20.496, 20.49, 20.35, 20.22, 20.222, 20.428, 
20.582, 20.662, 20.646, 20.674, 20.614, 20.264, 20.144, 19.97, 
19.756, 19.606, 19.686, 19.646, 19.726, 19.87, 20.916, 20.892, 
20.942, 20.872, 20.588, 19.338, 19.342, 19.328, 19.208, 19.392, 
19.296, 19.142, 18.98, 19.07, 18.7, 19.03, 19.154, 19.3, 19.336, 
19.776, 19.652, 19.738, 19.686, 19.678, 19.472, 19.461, 19.375, 
19.432, 19.429, 19.406, 19.381, 19.352, 19.122, 18.873, 18.65, 
18.318, 17.937, 17.804, 17.632, 17.596, 17.598, 17.61, 17.508, 
17.528, 17.53, 17.638, 17.762, 17.932, 18.092, 18.274, 18.304, 
18.392, 18.518, 18.61, 18.65, 18.704, 18.7, 18.65, 18.592, 18.554, 
18.568, 18.634, 18.718, 18.88, 19.048, 19.282, 19.492, 19.63, 
19.722, 19.76, 19.782, 19.786, 19.756, 19.732, 19.714, 19.578, 
19.484, 19.468, 19.44, 19.492, 19.678, 19.814, 19.98, 20.144, 
20.208, 20.186, 20.22, 20.234, 20.246, 20.366, 20.616, 20.758, 
20.904, 20.996, 21.01, 20.83, 20.67, 20.46, 20.256, 20.144, 20.126, 
20.204, 20.318, 20.458, 20.544, 20.594, 20.58, 20.538, 20.522, 
20.47, 20.394, 20.33, 20.31, 20.312, 20.322, 20.41, 20.458, 20.442, 
20.386, 20.3, 20.112, 20.008, 20.044, 20.156, 20.284, 20.538, 
20.656, 20.788, 20.846, 20.968, 21.04, 21.23, 21.286, 21.43, 
21.73, 21.998, 22.028, 22.14, 22.138, 22.056, 21.992, 22.098, 
22.202, 22.538, 22.902, 23.22, 23.534, 23.49, 23.328, 23.182, 
23.142, 23.132, 23.252, 23.37, 23.184, 23.084, 23.198, 23.232, 
22.972, 22.826, 22.668, 22.328, 22.254, 22.31, 22.434, 22.436, 
22.482, 22.384, 22.38, 22.27, 22.082, 21.762, 21.638, 21.464, 
21.354, 21.524, 21.688, 21.72, 21.712, 21.702, 21.41, 21.28, 
21.154, 21.066, 20.928, 20.888, 20.838, 20.78, 20.688, 20.63, 
20.492, 20.248, 20.056, 19.922, 19.874, 19.828, 19.734, 19.576, 
19.548, 19.462, 19.518, 19.668, 19.898, 19.932, 19.94, 19.924, 
19.938, 19.886, 19.78, 19.392, 19.138, 18.71, 18.172, 17.826, 
17.712, 17.418, 17.166, 17, 17.018, 17.104, 17.396, 17.776, 18.192, 
18.284, 18.402, 18.29, 18.234, 18.192, 18.098, 17.968, 17.906, 
17.82, 17.902, 18.086, 18.266, 18.546, 18.776, 18.758, 18.734, 
18.698, 18.412, 18.06, 17.914, 17.492, 17.128, 17.096, 17.176, 
17.004, 17.174, 17.254, 17.024, 16.802, 16.676, 16.558, 16.504, 
16.644, 16.76, 16.83, 16.766, 16.584, 16.262, 15.862, 15.848, 
16.05, 16.324, 16.592, 16.838, 16.912, 16.868, 16.784, 16.752, 
16.756, 16.632, 16.58, 16.66, 16.8, 17.19, 17.598, 18.006, 18.358, 
18.612, 18.772, 19.03, 19.396, 19.77, 20.132, 20.382, 20.5, 20.47, 
20.524, 20.788, 21.388, 22.344, 24.004, 25.61, 26.56, 27.09, 
27.434, 27.214, 26.854, 26.97, 27.36, 27.882, 28.204, 28.586, 
29.54, 30.486, 30.96, 30.66, 30.614, 29.604, 28.598, 27.92, 28.468, 
28.952, 30.222, 31.002, 31.91, 32.29, 32.57, 32.51, 32.93, 33.46, 
33.96, 34.24, 34.74, 35.32, 36.13, 36.93, 38.18, 39.29, 40.12, 
39.82, 39.05, 38.7, 38.136, 37.812, 38.212, 39.5, 39.73, 40.354, 
40.618, 40.338, 39.906, 39.376, 38.552, 37.136, 35.176, 33.27, 
32.16, 31.664, 31.71, 33.04, 34.156, 35.106, 35.412, 35.286, 
34.766, 34.41, 34.38, 34.434, 34.816, 34.806, 34.926, 34.152, 
33.252, 32.436, 32.396, 31.516, 31.19, 31.59, 32.25, 32.62, 33.49, 
33.396, 32.676, 32.226, 31.004, 29.686, 28.744, 28.3, 27.49, 
27.168, 27.216, 27.702, 27.666, 27.836, 28.306, 28.406, 28.406, 
28.456, 28.34, 28.26, 28.504, 28.464, 28.12, 27.636, 27.26, 26.666, 
26.696, 27.02, 27.414, 28.294, 29.094, 30.034, 28.694, 27.07, 
25.15, 23.98, 22.41, 23.17, 23.54, 23.4, 22.81, 22.03, 21.21, 
21.12, 21.09, 20.81, 20.91, 20.86, 20.96, 21.19, 21.59, 21.77, 
22.04, 21.946, 21.53, 21.19, 20.47, 19.63, 19.014, 18.73, 18.4, 
18.59, 18.92, 19.5, 19.97, 20.23, 20.31, 20.33, 20.07, 19.94, 
20.07, 20.25, 20.37, 20.49, 20.65, 20.57, 20.53, 20.49, 20.38, 
20.11, 19.83, 19.58, 19.34, 19.31, 19.19, 19.31, 19.38, 19.62, 
19.75, 20.11, 20.31, 20.7, 21.07, 21.44, 21.65, 21.73, 21.65, 
21.6, 21.46, 21.32, 21.33, 21.36, 21.27, 21.25, 21.29, 21.29, 
21.29, 21.37, 21.49, 21.58, 21.73, 21.71, 21.54, 21.36, 21.17, 
20.96, 20.95, 21.06, 21.21, 21.24, 21.29, 21.32, 21.31, 21.2, 
21.23, 21.22, 21.16, 21.09, 20.98, 20.81, 20.64, 20.39, 20.18, 
20.12, 20, 19.89, 19.93, 20, 20.01, 20.13, 20.22, 20.18, 20.15, 
20.15, 20.22, 20.33, 20.54, 20.69, 20.81, 20.878, 21.024, 21.142, 
21.276, 21.426, 21.612, 21.672, 21.78, 21.964, 22.1, 22.186, 
22.224, 22.15, 22.008, 21.922, 21.8, 21.758, 21.776, 21.82, 21.774, 
21.732, 21.74, 21.722, 21.652, 21.728, 21.802, 21.862, 21.91, 
21.88, 21.85, 21.79, 21.96, 22.12, 22.2, 22.322, 22.468, 22.368, 
22.328, 22.378, 22.396, 22.482, 22.572, 22.542, 22.552, 22.482, 
22.31, 22.14, 22.13, 22.12, 22.18, 22.3, 22.37, 22.44, 22.47, 
22.51, 22.54, 22.62, 22.63, 22.74, 22.63, 22.7, 22.75, 22.84, 
22.96, 23.23, 23.39, 23.56, 23.74, 23.81, 23.91, 24, 24.17, 24.23, 
24.4, 24.59, 24.69, 24.55, 24.42, 24.29, 24.09, 23.93, 23.9, 
23.92, 23.93, 24.07, 24.19, 24.32, 24.38, 24.35, 24.18, 23.93, 
23.69, 23.48, 23.33, 23.28, 23.23, 23.09, 23.03, 22.88, 22.6, 
22.4, 22.21, 22.05, 21.98, 21.9, 21.69, 21.62, 21.42, 21.13, 
20.78, 20.53, 20.26, 20.15, 20.12, 20.16, 20.17, 20.14, 19.93, 
19.5, 19.31, 19.21, 19.03, 18.99, 19.14, 19.2, 19.31, 19.45, 
19.5, 19.45, 19.17, 18.76, 18.49, 18.36, 18.29, 18.45, 18.66, 
18.83, 18.862, 18.86, 18.88, 18.86, 18.86, 18.938, 19.14, 19.11, 
19.12, 19.06, 18.97, 18.93, 19.08, 19.23, 19.48, 19.706, 19.75, 
19.72, 19.716, 19.626, 19.274, 19.11, 19, 18.836, 18.636, 18.73, 
18.706, 18.704, 18.724, 18.712, 18.734, 18.778, 18.74, 18.698, 
18.75, 18.76, 18.74, 18.8, 18.94, 19.05, 19.18, 19.31, 19.41, 
19.37, 19.35, 19.38, 19.4, 19.4, 19.44, 19.48, 19.49, 19.63, 
19.76, 20.01, 20.26, 20.43, 20.59, 20.68, 20.71, 20.68, 20.6, 
20.33, 20.31, 20.27, 20.26, 20.27, 20.43, 20.43, 20.428, 20.468, 
20.678, 20.828, 20.958, 21.14, 21.23, 21.2, 21.18, 21.19, 21.17, 
21.2, 21.19, 21.16, 21.14, 21.05, 20.89, 20.81, 20.84, 20.84, 
21.12, 21.51, 21.85, 22.14, 22.41, 22.44, 22.51, 22.61, 22.7, 
22.76, 22.79, 22.79, 22.75, 22.68, 22.66, 22.67, 22.64, 22.63, 
22.64, 22.69, 22.72, 22.84, 22.88, 22.88, 22.79, 22.58, 22.33, 
22.22, 22.11, 21.92, 21.88, 21.78, 21.29, 20.98, 21.01, 21.07, 
21.16, 21.55, 21.81, 21.81, 21.81, 21.8, 21.8, 21.88, 21.95, 
22.02, 22.05, 22.1, 22, 21.9, 21.72, 21.62, 21.49, 21.37, 21.28, 
21.26, 21.26, 21.28, 21.37, 21.49, 21.58, 21.57, 21.53, 21.448, 
21.398, 21.458, 21.428, 21.478, 21.58, 21.65, 21.64, 21.75, 21.84, 
21.93, 22.02, 22.08, 22.15, 22.27, 22.32, 22.39, 22.42, 22.38, 
22.25, 22.12, 22.01, 21.9, 21.88, 21.9, 21.93, 21.9, 21.95, 21.99, 
21.99, 22.01, 22.06, 22.1, 21.8, 21.924, 22.008, 22.07, 22.144, 
22.528, 22.468, 22.392, 22.262, 22.048, 21.818, 21.68, 21.552, 
21.506, 21.428, 21.356, 21.26, 21.204, 21.054, 21.034, 20.964, 
20.94, 20.898, 20.926, 20.85, 20.812, 20.772, 20.726, 20.668, 
20.704, 20.734, 20.588, 20.502, 20.512, 20.402, 20.244, 20.188, 
20.028, 19.756, 19.606, 19.464, 19.284, 19.28, 19.256, 19.174, 
19.14, 19.236, 19.29, 19.41, 19.54, 19.72, 19.84, 19.89, 19.88, 
19.85, 19.78, 19.574, 19.45, 19.3, 19.152, 19.016, 18.982, 18.786, 
18.676, 18.644, 18.66, 18.68, 18.74, 18.706, 18.73, 18.72, 18.882, 
19.094, 19.39, 19.726, 20.026, 20.164, 20.252, 20.32, 20.31, 
20.32, 20.3, 20.3, 20.348, 20.316, 20.254, 20.124, 19.964, 19.766, 
19.608, 19.57, 19.67, 19.83, 20.09, 20.29, 20.41, 20.46, 20.51, 
20.59, 20.67, 20.61, 20.678, 20.692, 20.506, 20.37, 20.34, 20.212, 
20.13, 20.138, 20.072, 19.918, 19.824, 19.832, 19.866, 19.946, 
20.122, 20.23, 20.264, 20.312, 20.344, 20.39, 20.382, 20.368, 
20.26, 20.222, 20.204, 20.228, 20.2, 20.21, 20.142, 20.062, 20.058, 
20.02, 20.018, 20.092, 20.146, 20.142, 20.288, 20.39, 20.442, 
20.498, 20.576, 20.586, 20.59, 20.6, 20.6, 20.55, 20.4, 20.21, 
20.02, 19.82, 19.63, 19.6, 19.63, 19.61, 19.68, 19.79, 19.86, 
19.92, 20.07, 20.12, 20.09, 20.03, 19.94, 19.83, 19.77, 19.7, 
19.57, 19.45, 19.24, 19.07, 18.95, 18.87, 18.8, 18.73, 18.61, 
18.52, 18.45, 18.5, 18.63, 18.74, 18.77, 18.7, 18.59, 18.41, 
