CPN <-
structure(c(16.13, 16.25, 16.25, 16.25, 16, 16.13, 16, 16, 16, 
16, 16.5, 16.5, 16.13, 16.13, 16.25, 16.5, 16.5, 16.38, 16.38, 
16.75, 17, 17.25, 16.63, 16.88, 17.38, 17.5, 17.75, 17.75, 17.63, 
17.75, 17.75, 18, 18.25, 18.5, 18.75, 19.25, 20, 19.5, 19.63, 
19.5, 19.88, 19.5, 18.88, 18.75, 18.38, 18.25, 18.5, 18.25, 18, 
18, 17.88, 17.5, 17.63, 18.25, 18.25, 18.13, 18, 18, 18.13, 17.75, 
17.75, 17.75, 18, 17.88, 17.88, 17.75, 17.75, 18.13, 18.75, 18.88, 
20, 20.5, 20, 20, 20, 20, 20, 20.5, 20.75, 21.13, 20.75, 20.63, 
20.75, 20.88, 21, 21, 20.75, 19.75, 19.88, 20, 20.38, 22.5, 22, 
21.75, 21.75, 21.25, 21, 20.5, 20.38, 19.63, 21.63, 20.88, 20.13, 
19, 19, 18, 18.25, 19.75, 19, 19.13, 18.63, 18.38, 19.25, 19, 
19, 18.63, 18.5, 18.63, 18.75, 18.25, 18.38, 17.88, 17.88, 18.5, 
18.25, 18.5, 18.5, 17.88, 18, 17.5, 17.38, 18.13, 18, 18.13, 
18, 17.63, 17.13, 17.13, 16.75, 16.88, 17, 16.88, 17.5, 17.25, 
16.63, 17, 16.88, 16.5, 16.75, 17, 16.88, 16.88, 16.75, 16.25, 
16.25, 16, 16.75, 17.38, 17.38, 17.25, 19.13, 19.25, 19.5, 19.5, 
18.63, 18, 18.75, 18.63, 19.25, 19, 19.25, 19.13, 19.25, 19.75, 
20.5, 20.75, 20.38, 20, 20.38, 20, 19.5, 19.63, 19.63, 19.38, 
19, 19.63, 19.75, 18.63, 18.75, 18.38, 18.38, 18.38, 18.06, 17.88, 
18.25, 19, 18.63, 18.75, 18.81, 18.69, 18.88, 18.19, 18.69, 18.44, 
18.06, 17.81, 17.69, 17.75, 17.56, 16.69, 17, 17, 17.19, 17.06, 
16.94, 18.19, 18.94, 19.75, 20.5, 20.75, 20.5, 20.38, 19.5, 19.25, 
19.38, 19.06, 18.38, 18.63, 18.31, 18.56, 18.63, 18.5, 18.56, 
19, 19.06, 19.13, 19.13, 18.69, 18.5, 18.69, 18.75, 19.5, 20.06, 
20, 20.19, 19.94, 19.69, 20.13, 21.25, 20.75, 22, 22.69, 22.94, 
21, 20.44, 20.38, 20.56, 19.88, 19.75, 20.56, 20.94, 20.88, 21, 
20.75, 21, 20.94, 20.94, 20.81, 20.25, 20.13, 20, 19.94, 19.5, 
20.13, 20.5, 20.38, 20.25, 20.5, 19.5, 19.06, 19.06, 16.13, 15.88, 
16.19, 16.13, 15.5, 15, 14.13, 13.75, 14.06, 14, 14.13, 14.94, 
15.06, 14.75, 14.88, 14.94, 14.94, 14.81, 14.5, 14.56, 14.75, 
14.88, 14.94, 15.25, 15.38, 15.44, 15.63, 15.56, 15.5, 15, 15.44, 
15.56, 15.5, 15.75, 15.69, 15.63, 15.5, 14.88, 15, 14.94, 15.25, 
15, 14.88, 15.5, 15.94, 16.13, 16.13, 15.94, 14.75, 15, 14.75, 
14.13, 13.56, 12.81, 13.19, 13.63, 13.31, 13.69, 13.75, 13.81, 
15.25, 15.63, 15.75, 16.63, 16.69, 16.5, 16.38, 16.13, 16.25, 
16.31, 16.31, 16.38, 16.19, 16.06, 16, 15.75, 15.63, 15.75, 15.44, 
15.88, 15.88, 15.88, 16.75, 16.69, 16.63, 16.94, 17.19, 17.13, 
17.25, 17.31, 17.44, 17.75, 18, 18, 18.06, 18.13, 17.88, 17.94, 
18, 17.75, 18, 17.94, 17.81, 17.81, 17.94, 18.19, 18.13, 17.88, 
17.69, 18.13, 18.06, 18.44, 18.63, 18.56, 18.75, 18.88, 19.19, 
19, 19.06, 18.98, 18.63, 17.56, 17.5, 17.88, 18.06, 17.88, 17.94, 
17.63, 17.94, 18.38, 19, 19.25, 19.13, 19.88, 19.63, 19.31, 19.25, 
19, 19.19, 18.38, 18.31, 18, 17.94, 17.94, 17.81, 17.75, 17.81, 
17.81, 17.88, 17.63, 17.25, 18.75, 18.69, 18.63, 18.38, 18.25, 
18.75, 19.38, 19.25, 18.88, 18.94, 18.75, 18.75, 18.69, 18.88, 
18.94, 20.19, 20.13, 19.69, 19.44, 19, 18.81, 18.88, 18.44, 18.31, 
18.56, 18.56, 18.75, 18.56, 18.69, 18.44, 17.63, 17.13, 18.19, 
17.94, 18.19, 18.31, 19.13, 20.19, 20.06, 20.13, 19.88, 20, 20.63, 
20.88, 20.25, 20.75, 19.88, 20.44, 19.88, 19.94, 19.81, 19.88, 
19.69, 19.56, 19.81, 19.69, 19.13, 18.94, 18.56, 18.75, 18.13, 
17.5, 17.5, 17.56, 17.81, 17.31, 17.31, 17.38, 17.75, 18, 18.31, 
18.88, 18.94, 18.94, 19.75, 19.81, 19.94, 20, 20, 20.25, 20.19, 
20.13, 19.94, 19.94, 19.81, 19, 19.06, 18.5, 17.94, 18.5, 18.5, 
18.81, 19.56, 20.13, 20.5, 20.88, 21, 21, 20.63, 21.25, 21.56, 
22.25, 22.44, 22.44, 23.38, 24.25, 24.13, 24.75, 24.38, 24.56, 
24.81, 24.38, 24.19, 24, 24.44, 24.38, 24.44, 24.38, 23.69, 23.69, 
24, 24, 23.94, 24.56, 24.25, 25.13, 25.06, 25.19, 25.25, 24.88, 
25.19, 25.06, 26, 27.25, 26.25, 26.19, 26.44, 26.31, 26.19, 26.31, 
25.25, 25.5, 25.31, 25.25, 26.56, 26.75, 26.88, 26.06, 26.38, 
27.56, 28.75, 28.63, 29.06, 29.75, 30.63, 31.69, 30.75, 32.5, 
32.94, 32.81, 32.5, 32.81, 37, 35.06, 35.38, 35.13, 34.63, 34, 
33.06, 31.81, 29.88, 31.06, 30.88, 30.94, 30.25, 30.38, 29.19, 
30, 32.13, 32.69, 32.88, 32.75, 33, 33.13, 34.44, 35.31, 35.44, 
34.75, 34.13, 34.13, 34.19, 33.94, 34.06, 33.19, 32.88, 32.81, 
32.31, 32.13, 31.31, 31.56, 32.63, 33.38, 33.94, 34.94, 36.44, 
36.63, 35.69, 35.88, 35.75, 35.44, 35.94, 36.38, 36.94, 36.63, 
37.5, 38.75, 40, 39.31, 39.38, 38.81, 38.5, 37.88, 41.63, 42.75, 
43.13, 42.63, 43.19, 43.5, 44.63, 47.06, 45.44, 45.75, 46.06, 
46.75, 52.31, 51.5, 52.13, 52, 54.19, 57.31, 55.25, 55.19, 54.5, 
55.19, 55.44, 54.19, 54.19, 53.81, 53.81, 53.75, 54.75, 55.64, 
55.94, 54.69, 54.13, 53.13, 52.88, 52.88, 52.13, 51.56, 49.38, 
51.69, 51.31, 51.94, 52.5, 53.06, 53.81, 54, 56.13, 55.56, 58.5, 
61, 62.25, 65.88, 65.38, 64.06, 65.56, 67.06, 69.5, 72.75, 73.25, 
70.88, 70.75, 71.19, 70.38, 70, 72.81, 74, 75.19, 76.75, 73.75, 
73.5, 74, 73.25, 71.75, 76, 78.75, 79.63, 79.5, 80.06, 80, 79.69, 
83.5, 83, 84.75, 85.19, 87, 87.25, 86.13, 89.38, 90.63, 89.81, 
90.38, 91.44, 92.69, 91.5, 92, 93.25, 93.75, 89.75, 90.56, 91.5, 
92.75, 91.94, 90.19, 84.75, 80.5, 81.88, 82.94, 83.75, 87.44, 
85.06, 85.38, 89.38, 88.63, 89.25, 88, 43.25, 43.5, 49.62, 51.38, 
51.5, 50.81, 48.44, 47.56, 47.5, 47.5, 47.5, 46.19, 44.69, 46.31, 
52.25, 57.62, 55.81, 56.5, 57.88, 60, 64.94, 62, 62.31, 62, 63.12, 
62.44, 61.5, 62.19, 62.12, 62.81, 62.81, 60.69, 59.12, 57.06, 
55.38, 55.62, 59, 62.5, 62.31, 61.12, 63.38, 64, 63.12, 61.25, 
56.88, 55.62, 55.06, 56.38, 55.5, 54.62, 57, 59.62, 60.06, 60.5, 
59.88, 59.88, 58, 61.81, 64, 66.75, 68, 69.25, 70.38, 74.06, 
81, 76.81, 77.31, 79.81, 84.5, 85, 84.25, 85.31, 87.19, 88.5, 
80.69, 77.62, 76.19, 72.81, 73.12, 76, 77.81, 79, 74.12, 73.5, 
74.94, 75.25, 79.62, 77.38, 76.88, 84.06, 83.38, 85.38, 87.38, 
87.25, 90.69, 88.62, 90.12, 92.75, 91.5, 92.81, 94, 95.5, 99, 
102.75, 105.38, 108, 111, 105, 99.75, 102.25, 103.5, 106.81, 
113.06, 119.75, 109.81, 108.56, 89.75, 81, 85.06, 92, 99.19, 
94, 87.38, 82.5, 81.75, 85, 83.88, 86.12, 84.5, 76, 79.88, 75, 
75.5, 78.81, 80.75, 85.38, 84.62, 84.62, 87.56, 86.62, 91.5, 
95.62, 95.5, 95.25, 97.25, 98.75, 103, 106.81, 103.56, 105, 106, 
106.12, 110, 110.75, 109.12, 106.62, 102.56, 104.06, 95.94, 96.94, 
101, 102.81, 106, 109.06, 111.31, 98, 102.69, 102, 103, 50.5, 
99.94, 53, 52.56, 53.81, 55.88, 55.94, 60, 59.88, 59.31, 58.5, 
64.25, 63, 64.88, 67.44, 65.8, 67.25, 66, 67.12, 66.44, 70, 69, 
69.44, 73.56, 75.94, 75.88, 76.19, 75.75, 71.69, 72.88, 70, 71.38, 
71.45, 73.75, 73, 71.5, 72.88, 71.5, 70, 73.25, 79.88, 77.62, 
77.69, 78.08, 82.02, 87.25, 84.94, 87.5, 89.94, 88.75, 89.81, 
91.38, 94.69, 94, 91.38, 93.31, 92.19, 94.75, 99, 95.88, 92.25, 
91.25, 94.56, 93.72, 97, 97.25, 96, 94.12, 99.75, 102.56, 96.94, 
97.5, 91, 96.44, 97.25, 96, 102.08, 101.12, 104.5, 101.62, 100.75, 
96.06, 92.88, 92.25, 96.38, 95, 86.62, 86, 84, 85.62, 83.75, 
78.94, 82.38, 78.12, 82.25, 82.94, 77.25, 79.94, 80, 81.06, 78.94, 
84.06, 88.88, 92.12, 92.94, 92.25, 92.94, 89.25, 89.44, 85, 81.94, 
42.31, 40.44, 38.5, 35.44, 35.06, 34.69, 37.31, 38.25, 39.69, 
39.31, 35.5, 36.06, 36.69, 36.69, 35.31, 35.88, 38.31, 43.69, 
42.25, 43.88, 40.81, 40.75, 40.88, 41.81, 40.5, 38.5, 41.94, 
44.62, 46.56, 46.69, 45.06, 41.75, 38.5, 32.5, 35.06, 34.19, 
32.44, 31.12, 29.5, 33.25, 33.25, 33.19, 36.5, 37.69, 38.31, 
40.5, 39.88, 40.44, 42, 43, 41.74, 39.91, 38.62, 40.68, 40.01, 
39.63, 42.07, 45.5, 47.52, 45.4, 45.62, 47, 45.99, 47.24, 45.7, 
44.24, 43.72, 43.5, 46.37, 46.78, 44.49, 44.55, 44.46, 43.99, 
46.2, 48.82, 49.05, 48.15, 47.04, 45.92, 44.7, 48.52, 47.18, 
49, 52, 48.59, 47.75, 48.88, 51.4, 52.73, 52.88, 55.92, 55.07, 
54.03, 52.71, 50.31, 50.66, 47, 48.2, 51.88, 51.31, 51.25, 53.26, 
54.56, 54.5, 52.2, 51.89, 54.19, 55, 53.6, 54.99, 55, 56.99, 
56.92, 55.96, 54.61, 54.1, 52.54, 50.9, 53.19, 52.3, 52.55, 51.56, 
50.68, 52.85, 53.03, 54.65, 55.12, 54.07, 53.2, 51.65, 49, 48.81, 
47.79, 49.3, 48.89, 45.75, 43.3, 43.76, 45.3, 45.8, 46.72, 46.83, 
44.27, 42.86, 43, 42.21, 41.25, 39.85, 37.1, 37.7, 38.97, 38.7, 
