CPNLRet <-
structure(c(0.00741201663862912, 0, 0, -0.0155041865359653, 0.00809216989733619, 
-0.00809216989733619, 0, 0, 0, 0.0307716586667537, 0, -0.0226794887694175, 
0, 0.00741201663862912, 0.0152674721307884, 0, -0.00729930248161148, 
0, 0.0223371798461520, 0.0148150857851408, 0.0145987994211527, 
-0.0366038502725328, 0.0149211959629749, 0.0291906306694347, 
0.0068807610922228, 0.0141846349919561, 0, -0.00678351951164569, 
0.00678351951164569, 0, 0.0139862419747399, 0.0137933221323361, 
0.0136056520557784, 0.0134230203321408, 0.0263173083173736, 0.0382212128201975, 
-0.0253178079842900, 0.00664454271866877, -0.00664454271866877, 
0.019299735658727, -0.019299735658727, -0.0323113048523465, -0.00690940830093467, 
-0.0199306354888789, -0.00709803689904032, 0.0136056520557784, 
-0.0136056520557784, -0.0137933221323361, 0, -0.00668898815079633, 
-0.0214818888158996, 0.00740111548031042, 0.0345630836187216, 
0, -0.00659705526174115, -0.00719626687059494, 0, 0.00719626687059494, 
-0.0211825088453348, 0, 0, 0.0139862419747399, -0.00668898815079633, 
0, -0.00729725382394353, 0, 0.0211825088453348, 0.0336257276496603, 
0.00690940830093467, 0.0576291128366364, 0.0246926125903717, 
-0.0246926125903717, 0, 0, 0, 0, 0.0246926125903717, 0.0121213605323449, 
0.018147584951258, -0.018147584951258, -0.0057999195935472, 0.0057999195935472, 
0.00624551633773063, 0.00573067470898492, 0, -0.0119761910467155, 
-0.0493927553295768, 0.0065607098812972, 0.00601807232556295, 
0.0188217542405877, 0.0989612814157956, -0.0224728558520582, 
-0.0114286958236232, 0, -0.0232568621642670, -0.0118344576470029, 
-0.0240975515790605, -0.00587085834978396, -0.0374950195062089, 
0.0970222316765978, -0.0352894769505294, -0.0365805233627379, 
-0.05777226048526, 0, -0.0540672212702757, 0.0137933221323361, 
0.0789884113186301, -0.0387145121806904, 0.00681880428572113, 
-0.0264845988386644, -0.0135100676859561, 0.0462479438062524, 
-0.0130720815673531, 0, -0.0196657945529433, -0.00700245252921805, 
0.00700245252921805, 0.00642056780292277, -0.0270286723879192, 
0.00709803689904032, -0.0275803471821727, 0, 0.0340879623389108, 
-0.0136056520557784, 0.0136056520557784, 0, -0.0340879623389108, 
0.00668898815079633, -0.0281708769666960, -0.0068807610922228, 
0.0422479049295137, -0.00719626687059494, 0.00719626687059494, 
-0.00719626687059494, -0.0207697614863855, -0.0287706840737503, 
0, -0.0224330540649533, 0.00773123089673566, 0.00708385488840513, 
-0.00708385488840513, 0.0360713917616575, -0.0143887374520997, 
-0.0366038502725328, 0.0220050508513800, -0.00708385488840513, 
-0.0227691082612762, 0.0150378773645405, 0.0148150857851408, 
-0.00708385488840513, 0, -0.00773123089673566, -0.0303053494953289, 
0, -0.0155041865359653, 0.0458095360312942, 0.0369218615661704, 
0, -0.00750797635987688, 0.103445639974793, 0.00625327728163194, 
0.0129034048359076, 0, -0.0456412809562039, -0.0344014267173325, 
0.0408219945202553, -0.00642056780292277, 0.0327378761202963, 
-0.0130720815673531, 0.0130720815673531, -0.00625327728163194, 
0.00625327728163194, 0.0256424306133374, 0.0372713947972318, 
0.0121213605323449, -0.0179922188821289, -0.0188217542405877, 
0.0188217542405877, -0.0188217542405877, -0.0253178079842900, 
0.00664454271866877, 0, -0.0128174018257496, -0.0198026272961798, 
0.0326200291219294, 0.00609448305876104, -0.0583803067336337, 
0.00642056780292277, -0.0199306354888789, 0, 0, -0.0175635689387015, 
-0.0100167782434712, 0.0204823102831324, 0.0402738991379397, 
-0.0196657945529433, 0.00642056780292277, 0.00319489089651936, 
-0.0064000218454674, 0.0101145392498827, -0.0372311681873234, 
0.0271166289374407, -0.0134664033390237, -0.0208226701396086, 
-0.0139394506872694, -0.00676058912987587, 0.00338600774973052, 
-0.0107619277144542, -0.0508138505332267, 0.0184036063824724, 
0, 0.0111144753385419, -0.00759127733122522, -0.00705885283962449, 
0.0711943033061226, 0.0404040952279012, 0.0418774035891984, 0.0372713947972318, 
0.0121213605323449, -0.0121213605323449, -0.00587085834978396, 
-0.0441395622248777, -0.0129034048359076, 0.0067305457288267, 
-0.0166497082365642, -0.0363287812985149, 0.0135100676859561, 
-0.0173258259270779, 0.0135613686716352, 0.00376445725544272, 
-0.00700245252921805, 0.00323799527377533, 0.023430251808386, 
0.00315291905961557, 0.00366588522610556, 0, -0.0232691619846896, 
-0.0102178893831928, 0.0102178893831928, 0.00320513094894803, 
0.0392207131532811, 0.0283133169640886, -0.00299550897979861, 
0.0094551587707552, -0.0124596677910538, -0.0126168718826580, 
0.022100347000666, 0.0541456557187256, -0.0238106486937184, 0.0584962066816086, 
0.0308818454334343, 0.0109578129094743, -0.0883596739778016, 
-0.0270286723879192, -0.00293973754092525, 0.00879341279238588, 
-0.0336332393585366, -0.0065607098812972, 0.0401939492398338, 
0.0183137648554266, -0.00286944242795295, 0.00573067470898492, 
-0.0119761910467155, 0.0119761910467155, -0.00286123228103197, 
0, -0.00622756503684796, -0.0272788468529948, -0.00594355390084811, 
-0.00647896609770937, -0.00300450902029858, -0.0223132989639914, 
0.0317967740819993, 0.0182136464926623, -0.00587085834978396, 
-0.00639923424203026, 0.0122700925918142, -0.0500104205746617, 
-0.0228225673436451, 0, -0.166911006088938, -0.0156204363181276, 
0.0193333118705543, -0.00371287555242672, -0.0398408682119165, 
-0.0327898228229908, -0.0597500044057737, -0.0272613725838560, 
0.0222950622699387, -0.00427655676726069, 0.00924286708117794, 
0.0557419830082351, 0.0080000426670761, -0.0207991395859186, 
0.00877494661911715, 0.00402415029972536, 0, -0.00873955142496419, 
-0.0211539788531785, 0.00412939334201123, 0.0129650400172889, 
0.00877494661911715, 0.00402415029972536, 0.0205373233487491, 
0.0084884610240774, 0.00389358051913202, 0.0122305998367551, 
-0.00448862568313935, -0.00386349482504489, -0.0327898228229908, 
0.0289113434944199, 0.00774197415361577, -0.00386349482504489, 
0.0160003413464413, -0.00381679852670125, -0.00383142231155587, 
-0.00835212050818424, -0.0408219945202548, 0.008032171697264, 
-0.00400802139753864, 0.0205373233487491, -0.0165293019512105, 
-0.008032171697264, 0.0408219945202548, 0.0279916494368679, 0.0118492187750485, 
0, -0.0118492187750485, -0.0775885905762399, 0.0168071183163812, 
-0.0168071183163812, -0.0429428860893926, -0.041175914184187, 
-0.0568981666036064, 0.0292328508205801, 0.0328142789792181, 
-0.023757613301421, 0.0281500068933371, 0.00437318481222304, 
0.00435414330862027, 0.09918653563222, 0.0246126413799646, 0.00764822083825711, 
0.0543679279331939, 0.00360144446890764, -0.0114493567672089, 
-0.00729930248161148, -0.0153801862878060, 0.00741201663862912, 
0.00368550785717581, 0, 0.0042826617920011, -0.0116673107353793, 
-0.0080620591709284, -0.00374298627883451, -0.0157483569681389, 
-0.00764822083825711, 0.00764822083825711, -0.0198788206750122, 
0.0280989112223597, 0, 0, 0.0533378024520856, -0.00358852059733161, 
-0.00360144446890764, 0.0184693960190723, 0.0146501301708497, 
-0.00349650705872939, 0.00698083114134018, 0.00347222571074912, 
0.00748204929271568, 0.0176190974405910, 0.0139862419747399, 
0, 0.00332779009267492, 0.00386847677792002, -0.0138852550213913, 
0.00335008688528182, 0.00333890126551450, -0.0139862419747399, 
0.0139862419747399, -0.00333890126551450, -0.00727275932908, 
0, 0.00727275932908, 0.0138391358993810, -0.00330396776327158, 
-0.0138852550213913, -0.0106832615736741, 0.0245685165950653, 
-0.00386847677792002, 0.0208226701396086, 0.0102509664850490, 
-0.00376445725544272, 0.0101850250583655, 0.00690940830093467, 
0.0162861493022541, -0.00995033085316832, 0.00315291905961557, 
-0.0042061050442741, -0.0186126085682847, -0.0591495964065265, 
-0.00342270727750194, 0.0214818888158996, 0.0100167782434712, 
-0.0100167782434712, 0.00335008688528182, -0.0174308602208710, 
0.0174308602208710, 0.0242302602968909, 0.0331758622388993, 0.0130720815673531, 
-0.00625327728163194, 0.0384564177762665, -0.0126551929400582, 
-0.0164359118479465, -0.00311203570662988, -0.0130720815673531, 
