DukeLRet <-
c(-0.00687287241010548, 0.00687287241010548, -0.00687287241010548, 
-0.0172514058208701, 0, 0, 0.00699206035991917, 0, 0, 0, 0, -0.00362977223624839, 
0.00696867210358398, 0.0036046011628752, 0.00331584443074018, 
-0.00692044559361538, 0, 0.0173486383107253, 0.00327064750312100, 
0.00353117709679296, 0, 0.0134663992717785, 0.0132874623305872, 
-0.00662165709520401, -0.010149666464077, 0, 0.00348386122869382, 
0, 0, 0, -0.00671053653166798, 0.00991566614728256, 0.00346067561976859, 
0.0163419503953657, 0.0163364193620561, -0.00334921864022064, 
-0.00310157781881859, -0.00649268867886654, 0, 0, 0.00649268867886654, 
0.00645079645903923, 0.0158206961526774, -0.0158206961526774, 
0.00947146593431025, -0.00306200673221113, 0.00306200673221113, 
-0.00306200673221113, -0.0227458785641552, -0.00314218509999709, 
0.00653511932414741, -0.00339293422415032, 0.0194180846253271, 
0.00969643346684634, -0.00969643346684634, 0, 0.00332779393882809, 
0.00306200673221113, -0.00638980067103923, 0.00969643346684634, 
0.00632832766699298, -0.0096349604628001, 0.0063492302183672, 
-0.00941123695057833, 0, 0.00941123695057833, 0.00630917170102663, 
-0.00302344145659372, 0, 0.0155236004472403, 0.00322461273482944, 
0.00617209093899795, 0.00294912846749007, 0.00928194866775822, 
-0.00928194866775822, -0.0123458321413175, -0.00298581833979661, 
-0.00951434065085, 0, -0.00630917170102663, -0.00304259742256008, 
-0.00636863952801825, 0, 0.00306200673221113, 0, 0.0063492302183672, 
0.00328573024443291, 0, 0, -0.0289281621235933, 0.00982173572648293, 
0, -0.0194786044620532, -0.0131997652953686, -0.00666580523538318, 
0.00320512961561459, 0.0132452320307230, 0.00655739398441124, 
-0.00655739398441124, -0.00316289931575042, 0.0131132275243120, 
0.0224149510722160, -0.00638980067103923, 0, 0, 0.0127390308894064, 
0, -0.00941123695057833, -0.00332779393882809, 0.00332779393882809, 
-0.00975867784231976, 0.00975867784231976, 0.00941123695057833, 
0.00630917170102663, -0.00302344145659372, -0.00632832766699298, 
0.0093517691235867, -0.00302344145659372, -0.0096349604628001, 
0.0063492302183672, -0.00304259742256008, -0.00330663279580712, 
0.0126584019193938, 0, 0.00951434065085, -0.00951434065085, 0.00326509896595084, 
0, 0.00300450777405992, 0, 0.0124225249676924, 0, 0.00933896931381994, 
0.00609683877819922, 0.00291332931916255, 0.00604231685829948, 
0.00600601805054435, 0.00310893829456926, 0.00286123108714431, 
0.00900693219718107, 0, 0.00282752192040991, -0.0118344541175910, 
0.00309046126796542, 0.00591647092921566, -0.00307219431050232, 
0, 0.00895387460707209, -0.00305415837615985, 0, 0.00305415837615985, 
-0.00305415837615985, 0.00586512181221988, -0.00281096343606002, 
-0.0117981512257854, -0.00309046126796542, 0.00593473788667875, 
-0.00284427661871334, 0, -0.00309046126796542, 0, 0, 0, 0.00309046126796542, 
0, 0.00591647092921566, -0.00307219431050232, 0, -0.00593473788667875, 
0.00593473788667875, 0.00307219431050232, 0.00588168029656977, 
0, 0.00584728831751669, 0, 0.00581328808725878, 0.00854212861389314, 
-0.00276243154966416, 0.00849310855750041, 0.0142973047008237, 
-0.00293354944033908, 0.0141368898080865, -0.00850306982359594, 
0, -0.00834936703317535, -0.0029501848244351, -0.00569802338736469, 
0.00569802338736469, -0.00273099736554538, 0.00568118218998048, 
-0.00864820821179979, -0.00573067700783625, -0.00276243154966416, 
0.00574648403539513, 0, -0.0145448714251657, 0.00579711998974375, 
-0.0174931644451375, 0.0116960444553937, 0, -0.00583092264317386, 
0, 0.00303632488145666, 0.00859171775146095, 0.00300126740002682, 
0.00574648403539513, 0.00274662452210528, -0.0114943759575272, 
-0.0174931644451375, 0.00586512181221988, 0.0116280426329176, 
0, 0.0144614019793465, -0.00296702602181931, -0.00573067700783625, 
-0.0260843853152384, -0.0453745738989202, -0.00917779105685312, 
0.00298581833979661, -0.00623055225063585, 0.00623055225063585, 
0.0155309420308765, -0.0217614942815123, 0.0124225249676924, 
-0.00619197271705652, 0.0365894450370821, 0.00310893829456926, 
-0.00310893829456926, 0, 0, 0.009060630649679, 0, 0, 0.0117981512257854, 
0.00584728831751669, -0.0207359008112675, -0.0209318336097200, 
0.00895564617746203, -0.00289576215865317, 0.00890178020919752, 
0.00597016938171357, -0.0148719495909111, 0.00289576215865317, 
-0.00289576215865317, 0.00890178020919752, -0.00600601805054435, 
0.00312762915471687, 0.00884855827754105, 0.00593473788667875, 
0.00307219431050232, 0.00588168029656977, 0.0202027050186686, 
0, 0, 0.0114287003952009, -0.00569802338736469, -0.00849310855750041, 
0.00276243154966416, -0.0260843853152384)
