EnronLRet <-
c(0.00274754795678067, -0.0187478882279528, -0.0162605197612571, 
-0.0304028764028752, 0.00561736337737617, 0.0137963870541666, 
0.0164387252922351, -0.0219789001245720, 0.00840898734984918, 
0.0189899824238502, 0.00280687110613442, -0.0136765400761645, 
-0.00262639568070089, 0.0134960646507309, 0.0241387390191798, 
0.0157054834961912, -0.0184530314529718, 0.0157483559264726, 
0.0206192882444016, 0.0277739718213805, 0.0341463278888670, -0.0121587911220571, 
0.0590013738783135, 0.0091108538383562, 0, -0.0136975924527949, 
0, 0, -0.0070123972502687, 0, -0.0162423042495705, 0.0116019293356180, 
0.0024156808157052, 0.0430466922481321, 0.047731403585785, -0.047731403585785, 
0.0198897668195279, 0, -0.0198897668195279, 0.0176216021921292, 
0.0173164448162657, 0.00428266351240758, -0.00428266351240758, 
-0.00862074046879968, 0.0193781224711636, 0.00423693711407758, 
0.0187641625537447, -0.00833337905562814, -0.0126317460371679, 
0.0106213592024345, 0, 0.0389755785881132, 0.00402415190939021, 
0.00800004027023782, -0.0343687588086512, 0.0163589457419482, 
-0.0102749008175982, -0.0102159365990966, -0.0167004557572223, 
0.00201884237393646, 0.0188135050580325, -0.00628724606872844, 
-0.0167367932134113, -0.00422833187938476, 0.00422833187938476, 
0.0125787813946232, 0.0287494133568362, -0.00813012365409982, 
0, -0.0310063792471889, 0.0186858956855938, -0.00414079432235326, 
-0.0103437658903616, 0.0103437658903616, -0.00199368648941078, 
-0.0232177311761452, -0.0524137453288258, 0.0156614715792074, 
-0.00886844849923829, -0.00894780843806942, -0.0135736397707769, 
0.0269655004946587, -0.0133918607238819, 0.00894780843806942, 
0.0153808370852673, 0.0324502031613232, 0.0146677206121941, -0.0104307834981165, 
0.00421906119050419, -0.0235144579070905, -0.00207110791570564, 
0.00207110791570564, 0.00223886772241944, 0.00856463268875807, 
-0.0128746083268831, -0.0130425342440716, 0.00645557595339419, 
-0.0131292905837199, 0.00439561323128856, -0.00651238858602898, 
-0.0178162569373077, -0.00685428188556703, 0.0311829274089037, 
0, 0, 0.0239220967142257, -0.00653035315541128, 0.0277157933799694, 
0.00835007940095078, 0.00613448081176404, 0, 0.0163938105752468, 
-0.00195312480310594, -0.0205751665839049, -0.0147431067240005, 
0.00219169185017076, 0.00201884237393646, -0.00421053422410722, 
0.0230240392821397, -0.00628724606872844, 0.0164612778839484, 
0, 0.0102331762800283, 0.0160311232112518, 0.0369978949878353, 
0.0449513901611169, -0.0353425310324971, 0.0150650642486587, 
-0.0188670572719056, 0, -0.00964563857522638, 0.0134476315984733, 
0.0168577141195883, -0.00179264987092953, 0, 0.00179264987092953, 
-0.00749066949035182, -0.0266682470821618, 0.00769234332430546, 
0.00382409797389549, 0.0226424752743126, -0.00179264987092953, 
-0.0170402954629001, -0.003809529940483, -0.00382409797389549, 
0.00382409797389549, -0.00183374058178298, 0.00761850173650735, 
-0.00960885912861986, 0.00199035739211251, 0, 0.0151794057490031, 
0.0223456325843641, -0.00561384101020668, 0.0110498354458439, 
0, 0.00918842605440595, 0.0267866756971582, 0.00352734192890747, 
0.0157901673836545, 0.0119893980739905, -0.038256797077147, -0.0400750475068135, 
0.0291991561097946, 0.00716848732033881, 0.0107986293620677, 
0.0104035768899342, 0.0174689039741791, -0.0244864745299989, 
-0.00706717005497737, -0.0287789609625300, 0.0358461310175073, 
-0.0176190967113303, 0.00714186509182824, 0, 0, 0, 0, -0.00370740407668002, 
0.00711746564120475, 0, 0.0107224524871263, -0.0178399181283311, 
-0.0143887381767369, -0.0181344535288224, 0.00353565336171879, 
-0.0148150865533578, -0.0150378728530072, -0.00760460242130545, 
0.0226424752743126, 0.0186313241289202, 0.0217368397531299, 0.00343446101514822, 
0.00370740407668002, 0.0104772316195021, 0.0209066834254328, 
-0.0279738534804101, 0.0107224524871263, 0.0139355662337506, 
0.00331583475953323, 0, -0.0102593455107343, 0.00333890474470522, 
-0.0387985828745032, -0.0110337908024079, -0.0147061481088082, 
-0.0261158493919815, 0.0150923488174390, -0.0114493537455296, 
-0.0229895220478138, 0.00772204918275943, 0.0152674728650544, 
0.0336691969819274, -0.00735189093728117, 0.0108616963842341, 
-0.00350980544695290, -0.0373121920538368, -0.0271286650863214, 
0.0307716601582309, -0.0229895220478138, 0.00402290424185026, 
-0.0155620896586575, 0.00375704730639015, 0.0271286650863214, 
-0.00763245729590256, -0.0432127327889855, 0.0432127327889855, 
-0.0273393883948998, 0, 0, 0.0310102383414064, -0.0113620153846581, 
0, 0.00769116543815151, -0.0352445655398084, -0.0118155629842382, 
-0.057857813803456, 0.0252071865875303, 0.0039748296718729, 0.00428831186433065, 
-0.0334703281237339, -0.0434775474308591, 0, -0.0136007787178878, 
0.0178576120424365, 0.0220558564900895, -0.0132452232758746, 
-0.0400912673784193, 0.0400912673784193, -0.0042194137771947, 
-0.00459121943702012, 0.0133616641724412, 0.0214244537131405, 
0, 0.00443459622072861, -0.00854559721432846, 0.0254207875983719, 
-0.00840199615498349, -0.0214915315623410)
