PPRICE <-
structure(list(GasSpot = c(1.795, 1.81, 1.805, 1.815, 1.805, 
1.78, 1.815, 1.8, 1.79, 1.8, 1.785, 1.775, 1.735, 1.73, 1.7, 
1.67, 1.645, 1.68, 1.67, 1.72, 1.73, 1.875, 1.87, 1.94, 1.865, 
1.82, 1.75, 1.745, 1.755, 1.76, 1.73, 1.75, 1.81, 1.78, 1.81, 
1.835, 1.805, 1.885, 1.995, 1.93, 2.035, 1.985, 2.03, 2.08, 2.105, 
2.055, 2.135, 2.115, 2.125, 2.15, 2.11, 2.185, 2.17, 2.24, 2.225, 
2.24, 2.325, 2.3, 2.34, 2.245, 2.22, 2.31, 2.365, 2.33, 2.255, 
2.25, 2.295, 2.19, 2.22, 2.265, 2.3, 2.295, 2.26, 2.225, 2.205, 
2.19, 2.18, 2.22, 2.26, 2.24, 2.34, 2.355, 2.365, 2.335, 2.42, 
2.38, 2.38, 2.37, 2.305, 2.29, 2.27, 2.275, 2.24, 2.235, 2.215, 
2.23, 2.245, 2.25, 2.275, 2.25, 2.23, 2.325, 2.29, 2.29, 2.285, 
2.2, 2.18, 2.15, 2.11, 2.14, 2.155, 2.12, 2.18, 2.195, 2.235, 
2.245, 2.315, 2.425, 2.545, 2.545, 2.575, 2.675, 2.555, 2.5, 
2.59, 2.625, 2.67, 2.685, 2.715, 2.765, 2.77, 2.725, 2.71, 2.74, 
2.695, 2.745, 2.865, 2.955, 2.97, 3.01, 3.075, 2.965, 2.865, 
2.855, 2.885, 2.72, 2.55, 2.46, 2.56, 2.655, 2.75, 2.8, 2.79, 
2.635, 2.515, 2.475, 2.46, 2.45, 2.32, 2.29, 2.435, 2.535, 2.5, 
2.53, 2.555, 2.31, 2.325, 2.475, 2.45, 2.465, 2.495, 2.375, 2.545, 
2.655, 2.805, 2.7, 2.635, 2.81, 2.895, 2.9, 2.97, 3.005, 2.975, 
2.96, 2.99, 2.965, 2.79, 2.705, 2.72, 2.8, 2.74, 2.62, 2.575, 
2.41, 2.38, 2.38, 2.145, 2.3, 2.3, 2.27, 2.22, 2.155, 2.045, 
1.99, 1.92, 2.21, 2.185, 2.17, 2.175, 2.165, 2.16, 2.155, 2.225, 
2.205, 2.27, 2.37, 2.495, 2.57, 2.525, 2.56, 2.64, 2.585, 2.435, 
2.435, 2.34, 2.32, 2.35, 2.305, 2.14, 2.165, 2.185, 2.195, 2.2, 
2.235, 2.245, 2.285, 2.285, 2.34, 2.34, 2.54, 2.56, 2.53, 2.655, 
2.755, 2.775, 2.85, 2.685, 2.795, 2.905, 2.84, 2.775, 2.78, 2.585, 
2.59, 2.64, 2.645, 2.605, 2.615, 2.63, 2.66, 2.645, 2.54, 2.505, 
2.51, 2.51, 2.59, 2.695, 2.705, 2.8, 2.735, 2.745, 2.755, 2.73, 
2.68, 2.76, 2.795, 2.815, 2.745, 2.825, 2.83, 2.725, 2.745, 2.765, 
2.76, 2.76, 2.815, 2.935, 2.935, 2.835, 2.87, 2.925, 2.89, 2.845, 
2.925, 2.975, 2.99, 2.98, 2.97, 3.05, 3.055, 3.125, 3.145, 3.135, 
3.07, 3.125, 3.15, 3.115, 3.055, 3.1, 3.16, 3.195, 3.17, 3.09, 
3.105, 3.125, 3.24, 3.2, 3.365, 3.335, 3.37, 3.46, 3.49, 3.72, 
3.76, 3.99, 3.84, 3.935, 4.15, 4.15, 4.31, 4.5, 4.39, 4.185, 
4.165, 4.4, 4.21, 3.92, 4.165, 4.185, 4.265, 4.16, 4.36, 4.45, 
4.38, 4.05, 4.125, 4.41, 4.365, 4.585, 4.435, 4.29, 4.22, 4.02, 
4, 4.18, 4.165, 4.285, 4.07, 4.185, 4.12, 4.015, 4.055, 3.86, 
3.885, 3.745, 3.625, 3.585, 3.75, 3.755, 3.74, 3.785, 4.03, 4.21, 
4.24, 4.38, 4.46, 4.47, 4.425, 4.445, 4.4, 4.235, 4.22, 4.355, 
4.37, 4.665, 4.79, 4.645, 4.425, 4.52, 4.6, 4.6, 4.74, 4.675, 
4.79, 4.875, 4.86, 4.98, 4.895, 4.98, 5.055, 5.1, 5.29, 5.055, 
5.24, 5.235, 5.175, 5.16, 5.1, 5.275, 5.325, 5.21, 5.13, 5.215, 
5.285, 5.235, 5.225, 5.035, 5.07, 5.105, 5.18, 5.52, 5.44, 5.32, 
5.275, 5.38, 5.015, 4.85, 4.83, 4.84, 4.655, 4.605, 4.47, 4.58, 
4.34, 4.4, 4.485, 4.605, 4.685, 4.68, 4.935, 5.35, 5.26, 5.585, 
5.765, 5.94, 5.93, 5.64, 6.22, 6.35, 6.35, 6.25, 5.965, 6.015, 
6.35, 6.55, 7.365, 8.065, 8.915, 8.86, 8.3, 10.005, 8.55, 7.665, 
7.44, 8.015, 9.22, 9.245, 9.88, 10.5, 10.5, 10.15, 10.15, 9.2, 
10.4, 9.625, 9.62, 9.425, 9.875, 10.295, 9.9, 9.9, 8.9, 8.925, 
8.1, 7.825, 7.085, 7.6, 7.695, 7.08, 6.865, 7.29, 7.29, 6.595, 
5.95, 5.83, 5.885, 6.725, 5.9, 5.55, 5.69, 6.24, 6.04, 5.625, 
5.65, 5.51, 5.035, 5.085, 5.11, 5.17, 5.115, 5.105, 5.315, 5.27, 
5.21, 5.24, 5.13, 4.67, 5.035, 5, 4.915, 5.015, 5.055, 5.08, 
5.24, 5.05, 5.215, 5.2, 5.42, 5.615, 5.31, 5.355, 5.035, 5.225, 
5.26, 5.33, 5.45, 5.545, 5.45, 5.335, 5.465, 5.34, 5.155, 5.065, 
5, 5.075, 4.985, 4.895, 4.795, 4.715, 4.555, 4.55, 4.46, 4.495, 
4.31, 4.23, 4.145, 4.195, 4.25, 4.28, 4.445, 4.475, 4.21, 4.17, 
4.15, 4.035, 4.105, 4.125, 4.13, 3.87, 3.66, 3.73, 3.685, 3.945, 
3.945, 3.765, 3.68, 3.63, 3.88, 3.86, 4.11, 3.995, 3.825, 3.955, 
3.905, 3.81, 3.695, 3.66, 3.54, 3.445, 3.385, 3.21, 2.955, 2.93, 
2.995, 3.09, 2.98, 3.135, 3.17, 3.205, 3.245, 3.105, 3.045, 3.115, 
3.15, 3.01, 2.96, 3, 2.995, 3.07, 3.26, 3.07, 3.265, 3.31, 3.245, 
3.15, 3.075, 3.06, 3.12, 3.1, 3.095, 3.005, 2.98, 3.045, 3.145, 
3.355, 3.095, 3.19, 2.855, 2.77, 2.68, 2.555, 2.455, 2.48, 2.18, 
2.235, 2.34, 2.41, 2.34, 2.385, 2.415, 2.34, 2.19, 2.1, 2.055, 
2.045, 1.975, 1.95, 1.885, 1.87, 1.82, 1.775, 1.82, 1.965, 2.105, 
2.075, 2.02, 2.13, 2.225, 2.38, 2.295, 2.27, 2.51, 2.61, 2.38, 
2.325, 2.67, 2.815, 2.685, 3.065, 3.05, 3.06, 3.085, 3.06, 3.02, 
2.975, 2.895, 2.7, 2.73, 2.685, 2.625),