SAFT.mat <-
structure(c(9.79999999999995, 18.2000000000000, 13.7000000000000, 
12, 5.20000000000005, 5.29999999999995, 18.3000000000000, 13.3000000000000, 
20.5999999999999, 21.0999999999999, 11.4000000000001, 8.79999999999995, 
4.20000000000005, 9.20000000000005, 7, 6.79999999999995, 11.8000000000002, 
8.70000000000005, 6.29999999999995, 6.89999999999986, 10.3000000000000, 
9.60000000000014, 5.5, 9.79999999999995, 7.20000000000005, 8.40000000000009, 
8.80000000000018, 12.8999999999999, 6.20000000000005, 4.09999999999991, 
6.29999999999995, 6.70000000000005, 4.5, 6.79999999999995, 17.5, 
7.59999999999991, 15.4000000000001, 18, 17.5999999999999, 18.7000000000000, 
11, 8.10000000000014, 23.2000000000000, 10.6000000000001, 28.3000000000000, 
28.0999999999999, 10.5, 15.2000000000000, 12.5, 16, 10.1000000000001, 
12.3000000000000, 16.8000000000000, 13.1000000000001, 8.5999999999999, 
12.2000000000000, 5.19999999999982, 26, 9.29999999999995, 20.2000000000000, 
12.1000000000001, 27.9000000000001, 17, 63.5, 28, 27, 21.5, 20, 
204, 190, 187, 205, 206, 180, 193, 220, 223, 219, 218, 217, 219, 
216, 203, 203, 213, 218, 204, 204, 206, 218, 203, 213, 204, 213, 
204, 225, 205, 198, 198, 205, 204, 219, 204, 204, 207, 213, 213, 
204, 194, 197, 197, 194, 196, 196, 197, 197, 201, 204, 197, 195, 
225, 203, 213, 218, 16, 195, 195, 213, 217, 219, 217, 212, 206, 
213, 204, 204, 2.71518831881449e-07, 4.32854255836473e-07, 1.28330089886135e-07, 
2.1451306704916e-07, 9.87083495372582e-08, 1.24100594310899e-07, 
2.05493101755159e-07, 3.88449506566632e-07, 3.72950315345296e-07, 
3.6199898995422e-07, 2.76904108754229e-07, 2.1156000700738e-07, 
9.17559363120446e-08, 1.46050505987341e-07, 1.17072177722776e-07, 
9.10465178291833e-08, 1.39441975688156e-07, 1.74888269311515e-07, 
1.06973429945062e-07, 1.48610349076342e-07, 1.38209048933485e-07, 
1.34517125636799e-07, 7.55904601490623e-08, 7.85598598452059e-08, 
8.69738861758964e-08, 6.44441997938051e-08, 1.00055433978856e-07, 
1.59777757487753e-07, 9.0901187828928e-08, 8.75673673840669e-08, 
7.95844661001375e-08, 7.06643433405993e-08, 5.91953895411512e-08, 
9.45299361992741e-08, 1.70956694046973e-07, 1.98935994311918e-07, 
5.25464843343544e-07, 5.02489294434375e-07, 2.10836387396038e-07, 
7.00302520890356e-07, 2.99015972828526e-07, 1.59971241821641e-07, 
4.25733893004186e-07, 2.96064049769023e-07, 1.42604905211687e-06, 
1.10330150392697e-06, 4.64682913565043e-07, 4.64522557221743e-07, 
2.23221847999185e-07, 7.52574100274273e-07, 2.26803291066958e-07, 
2.36706899495406e-07, 4.74461788516577e-07, 2.62278834889096e-07, 
2.16211025681006e-07, 1.88502075770620e-07, 4.03300938547074e-07, 
6.69713544218104e-07, 2.5734412733601e-07, 3.5706716157681e-07, 
4.45973647409629e-07, 1.28744005909955e-06, 1.16068690404535e-06, 
3.08960976597304e-06, 1.34202990690242e-06, 8.68123394602667e-07, 
9.6985807635226e-07, 1.09953406533406e-06, 0.00465599236811479, 
0.276609554630215, 0.266377408548983, 0.138774512808453, 0.069828636934918, 
0, 0.174548209727910, 0.100880796294829, 0.128845043712464, 0.133521148521590, 
0.0508332702685658, 0.0373194693028518, 0.00925163728761548, 
0.0393330897932528, 0.00806296778955395, 0.0920998298399555, 
0.147161591249847, 0.0542978422476012, 0.0344205108720825, 0.0491799458459123, 
0, 0.0622395469988808, 0.0712217171152171, 0.134642752001790, 
0.0165540002860723, 0.0528354675518458, 0.103679420666058, 0.105009806827723, 
0.00181510129086299, 0.0489496900845936, 0.0782094143451181, 
0.0960011753530383, 0.0197181698457704, 0.0507942279376224, 0.194950298675129, 
0.0360632512869939, 0.110272003148373, 0.0894031880574514, 0.154814265431193, 
0.0266368492191532, 0.0787534085974294, 0.00993435770921858, 
0.162495973816390, 0.0173276640050945, 0.0650193459347755, 0.00597010247187791, 
0.0505020220834818, 0.0701120693821761, 0.0860037750831711, 0.0206788470417586, 
0.0410035285001381, 0.117544069839263, 0.095802468350814, 0.0996571902718933, 
0.038900978815634, 0.0239177206171661, 0.634133348702442, 0.18393977389836, 
0.068852516994411, 0.108166834766746, 0.0288748564298654, 0.0849693075285411, 
0.00268957285104474, 0.186191252879189, 0.127649867443118, 0.151158597962123, 
0.0465735534036960, 0.0261303180410062, 341.585365853658, 252.919613219801, 
249.632270168855, 346.528792033482, 331.080531101169, 286.055130610478, 
280.340453167846, 313.577861163227, 309.215759849906, 310.684225717997, 
321.184442199452, 314.959590128445, 317.082551594747, 317.933468032905, 
308.291672680040, 297.687256458363, 321.591860297301, 318.666907201616, 
300.635156588252, 303.913118776158, 307.346226006639, 308.803001876173, 
319.604560542647, 316.221821330639, 302.711935344206, 316.110982825805, 
299.023524318083, 315.483186607014, 312.178525039688, 314.08818011257, 
298.084139125415, 323.177947755809, 310.010391109828, 316.831000144321, 
296.923798527926, 304.465002164815, 296.122961466301, 320.396449704142, 
319.604127579737, 313.192957136672, 294.317073170732, 292.421417231924, 
296.937509020060, 295.290229470342, 307.29196132198, 304.267282436138, 
298.096839370760, 299.685668927695, 297.313465146486, 311.401645259056, 
293.394717852504, 287.879491990186, 328.738201760716, 307.002020493578, 
308.483763890893, 317.741088180113, 26.8348968105064, 297.941405686246, 
290.419829701256, 304.174195410593, 322.897532111416, 323.893058161351, 
321.040265550584, 315.365853658537, 307.154567758695, 323.516524751046, 
307.731130033194, 311.990186174051, 260.425531914894, 150, 123.296703296703, 
97.6190476190476, 176.571428571429, 105.882352941176, 44.1984732824427, 
5.90339892665474, 6.16305849838784, 6.12301957129543, 5.6549935149157, 
6.27772420443587, 6.90851735015773, 7.06652126499455, 6.31088082901554, 
6.63760217983651, 5.67243675099867, 5.41166735622673, 7.48623853211009, 
6.50026553372278, 6.36457260556128, 6.70769230769231, 8.75, 7.3448275862069, 
6.63774403470716, 7.12771890686001, 5.69302325581395, 5.83153347732181, 
6.96883852691218, 6.4390243902439, 6.82758620689655, 6.87534935718278, 
7.50459840588596, 6.92672641012124, 5.12992455993294, 5.04742268041237, 
5.90865842055186, 7.52650176678445, 5.58566433566434, 7.85622593068036, 
5.17563361493997, 6.26059322033898, 5.95465994962217, 5.55873925501433, 
7.0886075949367, 6.78200692041522, 7.25153374233129, 7.30080296479308, 
5.71834992887624, 7.64044943820225, 5.91591591591592, 6.02161605764282, 
6.99119627136199, 6.35036496350365, 6.10023866348449, 6.02209944751381, 
5.27472527472527, 8.29199149539334, 5.66311713455954, 6.02830188679245, 
6.75661650233524, 8.21763602251407, 8.54330708661417, 7.76556776556777, 
9.18276374442793, 8.80771881461061, 8.72416250890948, 9.09361069836553
), .Dim = c(68L, 6L), .Dimnames = list(NULL, c("range", "nbticks", 
"vol", "volratio", "l2slope", "ticksep")))
