SMORN.mat <-
structure(c(11, 5.59999999999991, 9.70000000000005, 12.5999999999999, 
7.40000000000009, 6.20000000000005, 13.2000000000000, 18.8000000000000, 
16.3000000000000, 10.5999999999999, 11.7000000000000, 17.2000000000000, 
5.80000000000018, 8.40000000000009, 7.19999999999982, 7, 9.4000000000001, 
8.29999999999995, 6.90000000000009, 6.59999999999991, 8, 7.40000000000009, 
3.90000000000009, 8.89999999999986, 4.70000000000005, 5.90000000000009, 
5.40000000000009, 10.9000000000001, 6.80000000000018, 11.3000000000000, 
7.19999999999982, 9.10000000000014, 5, 8.5999999999999, 10.4000000000001, 
11.5, 10.8000000000000, 19.8000000000000, 9.5, 24.7000000000000, 
10.5999999999999, 10.0999999999999, 11.1000000000001, 11.2000000000000, 
34.5, 23.5, 15.5999999999999, 14, 12.4000000000001, 14.5, 10.3000000000000, 
15.3000000000000, 16.3000000000000, 22.3000000000000, 15.9000000000001, 
8.5, 4.5, 29.2000000000000, 14.7000000000000, 9.10000000000014, 
17.7000000000000, 34.9000000000001, 34.5, 40, 54.5, 18, 24.5, 
24, 196, 192, 192, 199, 199, 195, 206, 199, 199, 199, 199, 199, 
199, 199, 207, 207, 199, 199, 207, 207, 207, 199, 207, 200, 207, 
199, 207, 199, 208, 207, 207, 199, 207, 200, 207, 207, 207, 199, 
199, 207, 210, 210, 207, 208, 207, 207, 207, 208, 210, 207, 207, 
210, 199, 208, 199, 199, 88, 210, 210, 199, 199, 199, 199, 200, 
207, 199, 207, 207, 2.6810664171146e-07, 9.47700467200996e-08, 
2.35912892435559e-07, 2.35083439891718e-07, 1.30353401277372e-07, 
8.8652169959201e-08, 1.84811991062766e-07, 2.81658269129553e-07, 
3.06841751545606e-07, 3.58906356671396e-07, 2.74563075431109e-07, 
2.17019017203905e-07, 1.44685566625828e-07, 1.09026449859029e-07, 
9.03165417024008e-08, 9.12994505505716e-08, 1.30040460152187e-07, 
1.37646204276377e-07, 1.20655167977218e-07, 8.40326716869219e-08, 
1.13155758489857e-07, 1.76690982288110e-07, 9.47705522629535e-08, 
8.29816796073836e-08, 9.44379124218568e-08, 8.60412013695783e-08, 
8.02898095369444e-08, 1.65029611235546e-07, 1.01677399170613e-07, 
9.10093946419363e-08, 9.19845768238294e-08, 8.03706210142393e-08, 
6.78794376731803e-08, 1.15577647063755e-07, 1.44160877039557e-07, 
2.16468220045973e-07, 1.75593637659251e-07, 4.01427427216746e-07, 
5.56234123368663e-07, 4.46007164253822e-07, 2.44943864317318e-07, 
2.81951987514832e-07, 2.09920856315965e-07, 3.65616997657330e-07, 
6.38255470384764e-07, 9.42810360219678e-07, 6.4795372797336e-07, 
4.43174853741407e-07, 4.68038358913748e-07, 8.14372859735118e-07, 
2.84058808305859e-07, 3.97556648865345e-07, 3.07868409099524e-07, 
4.66971006182773e-07, 2.39454249986797e-07, 1.43063154360387e-07, 
2.28871933098813e-07, 9.63917582476375e-07, 4.26566801013215e-07, 
2.1077725527013e-07, 5.3262922986283e-07, 1.10963017065093e-06, 
1.38502485181867e-06, 1.69423961897463e-06, 4.50375124833783e-06, 
8.51573176030967e-07, 1.71225237805155e-06, 7.69396700069754e-07, 
0.0666064840801476, 0.0428439125020576, 0.107841762913911, 0.178705560036225, 
0.0411244732404176, 0.110980415455939, 0.142306591533378, 0.120770418375394, 
0.105571787211642, 0.0102024987321131, 0.00341765166824933, 0.149709084349385, 
0.00307941790849564, 0.10526082159394, 0.0906092635610232, 0.0884184520067357, 
0.0732703642475124, 0.00320171664987002, 0.0546886150390227, 
0.090667394697876, 0.107005582203921, 0.00396808195814578, 0.00730180714965774, 
0.102257589642822, 0, 0.09981944632651, 0.0126155616439153, 0.0579802608386502, 
0.0168229386812515, 0.216167822746534, 0.00866140253404359, 0.0670254878654424, 
0.00601366401463945, 0.0763090867957906, 0.122545604877126, 0.0278213467521252, 
0.10944966789761, 0.159894538218755, 0.0177690217942641, 0.183018225322219, 
0.0500653149651884, 0.0754241521283823, 0.090865635438275, 0.0416364764341932, 
0.270620352111062, 0.0533012500517692, 0.0395010662469059, 0.0348739640897281, 
0.0254029043519017, 0.0210744967818095, 0.0858040705869508, 0.0159995951260151, 
0.122978161843216, 0.121389431840271, 0.194119348640801, 0.0959793123196587, 
0.00932590864552767, 0.140036158773208, 0.0227653531575942, 0.0679155661665122, 
0.0487183509372039, 0.12019507593232, 0.0748419838938823, 0.165212828385719, 
0.0521528692491147, 0.110619651517511, 0.00987411315681846, 0.141607674461608, 
298.70803867802, 300.57540770674, 322.903737913119, 330.329484774138, 
309.942560254005, 284.31851638043, 332.694328185885, 307.192235531823, 
300.423870688411, 307.446240438736, 300.454322413047, 302.653918314331, 
311.765911386925, 294.527493144754, 313.591427334392, 317.028719872997, 
315.726656083129, 303.848462981671, 306.095107519122, 319.650454611055, 
310.356472795497, 304.713522874874, 305.369606003752, 295.904603838938, 
323.306393418964, 308.336700822629, 311.859720017318, 306.962476547842, 
309.824217058739, 313.261076634435, 322.059893202482, 302.768653485351, 
314.656949054698, 322.914129022947, 313.559099437148, 320.677442632414, 
318.466734016453, 292.489681050657, 303.858854091499, 318.317217491702, 
310.986866791745, 320.655794486939, 322.109683937076, 320.206378986867, 
293.022802713234, 323.060470486362, 327.005628517823, 323.482176360225, 
335.635300909222, 327.63703276086, 313.949631981527, 320.275220089479, 
303.583201039111, 327.535575119065, 304.673690287199, 295.533554625487, 
127.461971424448, 327.293981815558, 321.907201616395, 299.210131332082, 
302.276951941117, 306.574108818011, 308.170154423438, 312.311300331938, 
317.421417231924, 307.103911098283, 316.243036513205, 319.604416221677, 
122.5, 171.940298507463, 106.666666666667, 97.8688524590164, 
90.4545454545455, 114.705882352941, 44.3010752688172, 5.15321536469573, 
5.11568123393316, 5.85868498527969, 4.94614747307374, 5.93734460467429, 
5.36629213483146, 6.76104190260476, 6.03205439533754, 5.77137546468401, 
5.56902985074627, 5.54575011611705, 5.68161024702653, 6.33673469387755, 
6.04968339016074, 5.59250585480094, 7.40608228980322, 6.4516129032258, 
6.10619469026549, 6.18973561430793, 6.1152141802068, 5.22309711286089, 
6.32539280283832, 6.07632093933464, 5.66347469220246, 6.19615983393876, 
6.43190056965303, 6.02409638554217, 5.67382366377341, 4.4468313641246, 
4.81955762514552, 4.91155902920609, 6.02725896012115, 5.04058441558442, 
4.92379835873388, 5.59502664298401, 4.99798792756539, 5.21739130434783, 
5.28061224489796, 7.44604316546763, 7.02488687782805, 6.95652173913043, 
6.3, 7.94117647058824, 6.1152141802068, 5.8659217877095, 5.55090655509066, 
6.43298969072165, 5.92850049652433, 5.62411681582666, 7.28275862068966, 
6.72, 6.2624254473161, 5.58465855940131, 6.03030303030303, 6.65551839464883, 
6.90173410404624, 7.93650793650794, 6.66309012875536, 8.39072382290935, 
7.15850144092219, 8.17643186306781), .Dim = c(68L, 6L), .Dimnames = list(
    NULL, c("range", "nbticks", "vol", "volratio", "l2slope", 
    "ticksep")))
