UtilLRet <-
c(-0.00448335307950742, 0.00366896697961128, -0.0116853427636752, 
-0.00777007042877642, 0.00774098192848083, 0.000125922488902752, 
0.00950974955484796, 0.00395128249475896, 0.00115134962135510, 
0.00142537199928761, 0.00176466383725504, -0.00225528502007055, 
0.00657066076762813, -0.00225942697028980, 0.00316281772713722, 
-0.00330317971051386, 0.00225793015153375, 0.0071462301681331, 
0.0065854393978686, 0.0069956771470956, 0.0027244356107623, 0.0124532681024689, 
0.0081426482167739, -0.00459300756935122, -0.00215006134938722, 
-0.00177676412753325, 0.000772137804643691, -0.00191578826569128, 
-0.000564694414294742, 0, -0.00436203455710427, 0.00650178310535754, 
-0.004168816395973, 0.0148591116850518, 0.0242456688121520, -0.00517755416172516, 
-0.00112443004982854, -0.000527407853610384, 0.00150318672053373, 
-0.00374480425335211, 0.00265217082112112, 0.00621127684244627, 
0.00104018338474621, -0.0106912659358507, 0.0080644241376957, 
-0.00475615073482238, 0.00138433351860900, -0.00240837734426869, 
-0.0117324967139982, -0.00422275532770744, 0.00639118568003827, 
-0.00199236238715628, 0.0080438599016217, -0.00103433737100378, 
-0.00180686211734926, 0.00152796470306349, 0.00371256849055346, 
0.00431684631274365, -0.00636691033375669, 0.0061108314627738, 
1.69731779919857e-05, 0.00105658338766812, -0.000508643660753982, 
-0.00771655838662433, 0.00236922185345811, 0.00637995962344373, 
0.00251987505807971, 0.00221698989543295, 0, 0.0110708390931613, 
0.00609183992164208, 0.00214564733364764, 0.00521206880433489, 
0.00439673302283872, -0.00852667588235612, -0.0108801883231333, 
-0.0046484674992735, -0.0076338119100674, -0.00280322424711876, 
9.39638452299718e-05, 0.000689255412933854, -0.00159308844636730, 
0.000131276947021419, -0.00118529824592262, 0.00163421232161465, 
0.00532946523513722, -0.000318880384235776, -0.00251081394802188, 
-0.00317704412238129, -0.00238866909849555, 0.00113632124701279, 
-0.00252515632521977, -0.0223929645245375, -0.0049821409062174, 
-0.00541834020013532, -0.00586696833759603, 0.0133893709163120, 
-0.000301485776999399, -0.00495995252455472, 0.00199776459284884, 
0.0064388254938006, 0.0134810823433833, -0.00196102525575181, 
-0.000503881356492819, 0, 0.00888903648727535, -0.000978419051678614, 
-0.00149812215922474, -0.00547823182023244, 0.00258083064994263, 
-0.0040895146408495, 0.000240160578679927, -0.00167432687153735, 
0.00266640299661791, -0.00402277987730493, 0.000133647170743600, 
0.00165045992181767, 0.00168665030504034, -0.00539543110236718, 
0.00569298115392591, 0.00222021072135625, 0.00481088177588695, 
0.00738952699090323, 0.00098616682840813, 0.0093492632675849, 
-0.00266121262509866, -0.00228011231404679, 0.00333056812613197, 
-0.00185059412226263, 0, -0.000283575464525399, 0.00128771189743393, 
0.0068458057742129, 0.00116774614212556, -0.00135532141378913, 
-0.00229684948522557, 0.0036773432617947, -0.000303936781736347, 
0.0015288466988288, 0.00292084905389611, -0.000807627140742895, 
0.000481463882183952, 0.000726705791271876, 0.00115035484802473, 
0.00356006458574942, -0.000949486503487584, -0.00024317536670182, 
0.00898083955205653, -0.00310272353258600, 0.00382500668281871, 
0.00165349478712251, -0.000600229597549351, 0.002623243755286, 
-0.00305856165660590, 0.0028078427152467, 1.52673024889083e-05, 
0.00486720852469347, -0.00323803128744871, 0.00101742558774109, 
9.7373888355179e-05, -0.00141490786063869, -0.00233887539388444, 
0.00270172703545324, 0.00112036293844398, -0.000624694876155019, 
0.00410198752240198, 0.00427148188956927, 0.00287947072882488, 
-0.00129219130234048, 0.00295364472662296, 0.00447076898165388, 
-0.000728765052981473, -0.00352420924855767, 0.00123262700057847, 
0, 0.000648859912499411, 0.00214150117693368, -0.00418344849012797, 
0.0084218193715726, 0.00537849685096603, -0.00492871609545986, 
0.00368669284784584, -0.00299391785863179, 0.00298744060052591, 
-0.00429197428836403, -0.00842432531467185, 0.0030972705079213, 
-0.00445360951802076, -0.00534607067907533, 0.00804867182233338, 
-0.00124317148186037, -0.00813393298789133, -0.00286332853455740, 
0.00290989409998677, -0.00417576589954116, -0.00632616700198785, 
0.000590394674757633, -0.00905084322317862, 0.00131949891753180, 
-0.00299185730808915, -0.0055177375260298, -0.00218596715372765, 
0.0114099374195433, 0.00898622803310989, -0.0021461912296985, 
0.00108402511924766, 0.00167048207798803, -0.00909245758778976, 
-0.00877537132727468, -0.00769827499494369, -0.000967236022297868, 
0.00563095975523797, 0.00438624781288244, 0.00197749378809409, 
-0.00435393576347476, -0.019246745944292, -0.0314102304523898, 
-0.0156847183129871, 0.00602189314508816, -0.00107091156606831, 
0.00119230302826345, -0.00220921354866643, -0.0065385626404808, 
0.00360281214305225, -0.00777119585904362, 0.0205697619922844, 
-0.00459978346272649, -0.00293403848093288, -0.00752811620694427, 
0.00277021386790466, 0.0113502000577936, -0.00140977274839571, 
-0.000240704725907648, 0.00381525795309479, 0.00249306973846597, 
-0.00908304722050701, -0.00737795680732578, 0.000506736770227612, 
-0.00180925843860269, 0.0087966157119661, 0.00483684988898769, 
-0.00670048667627388, -0.00387770183032465, -0.000414344631631813, 
0.00504654302089236, -0.00333393854953634, 0.00279106708731014, 
0.00866137843955528, 0.00839460688760418, 0.00300431392508749, 
-0.00031077891756226, 0.00805779254231265, -0.000837412106769797, 
0, 0.00582199146744955, 0.00274751763469183, -0.00375675774247064, 
-0.00588823034562846, -0.0110978910983910)
