WSP <-
structure(c(16.98, 16.67, 16.9, 16.82, 17.29, 17.24, 17.15, 17.28, 
17.29, 17.09, 17.45, 17.56, 17.29, 17.78, 17.96, 17.96, 17.96, 
18.22, 18.18, 18.68, 18.67, 18.79, 19.26, 18.97, 19.14, 17.69, 
17.67, 16.87, 17.59, 17.69, 18.14, 18.28, 18.68, 18.54, 18.55, 
18.75, 19.29, 19.44, 19.45, 20.12, 19.85, 19.96, 19.77, 19.85, 
19.94, 19.86, 20.32, 19.66, 19.4, 19.33, 20.07, 20.43, 20.87, 
21.11, 21.36, 21.26, 21.96, 22.17, 22.13, 21.92, 21.93, 21.95, 
21.64, 21.73, 21.48, 21.72, 22.09, 22.04, 22.39, 22.77, 22.33, 
21.51, 21.03, 21.48, 21.49, 22.04, 21.55, 20.96, 21.64, 21.98, 
21.88, 22.53, 22.85, 22.79, 22.94, 22.88, 23.28, 23.53, 23.69, 
23.4, 23.26, 23.78, 23.7, 23.32, 22.81, 22.93, 22.75, 22.82, 
22.4, 22.88, 23.38, 23.37, 23.51, 23.69, 23.92, 23.98, 24.25, 
24.55, 24.3, 24.24, 23.86, 23.16, 23.26, 23.72, 23.75, 23.93, 
24.18, 24.02, 24.11, 23.5, 23.54, 23.56, 23.84, 23.56, 23.89, 
23.86, 24.26, 24.37, 24.59, 24.83, 25.05, 24.98, 24.85, 25.16, 
25.45, 25.55, 25.2, 24.99, 25.03, 25.21, 24.71, 24.57, 24.73, 
24.5, 24.55, 24.2, 24.03, 24.52, 24.78, 24.75, 25.27, 25.66, 
25.62, 26.04, 26.15, 26.25, 26.54, 26.08, 26.02, 26.07, 26.38, 
26.51, 25.74, 25.63, 25.9, 25.84, 26.18, 26.18, 25.99, 25.23, 
24.82, 24.62, 24.2, 24.73, 24.9, 24.84, 25.03, 24.54, 24.09, 
23.82, 23.84, 24.21, 24.36, 24.41, 24.35, 24.23, 24.75, 24.78, 
24.62, 24.35, 23.74, 23.57, 23.14, 22.95, 23.3, 23.59, 23.66, 
24.14, 24.35, 24.54, 24.61, 24.54, 24.44, 24.66, 24.98, 24.76, 
24.99, 24.8, 24.81, 24.93, 25.43, 25.85, 26.08, 26.3, 26.12, 
25.92, 26.15, 26.52, 26.69, 26.81, 26.56, 27.21, 27.38, 27.94, 
27.78, 28.26, 28.65, 28.8, 28.99, 29.19, 29.1, 28.58, 29.04, 
29.2, 29.59, 30.14, 30.06, 30.31, 30.88, 30.38, 30.72, 31.21, 
30.66, 30.5, 30.84, 31.71, 32.4, 32.29, 32.67, 31.71, 32.13, 
31.68, 32.71, 33.54, 33.45, 34.55, 34.49, 34.56, 35.92, 35.37, 
35.98, 35.33, 35.28, 35.44, 36.19, 36.96, 37.15, 36.89, 36.57, 
37.52, 35.82, 36.18, 36.96, 36.95, 37.34, 37.96, 38.01, 37.96, 
37.89, 37.44, 37.74, 37.93, 38.37, 39.25, 40.1, 40.96, 41.19, 
42.64, 42.4, 43, 43.52, 42.56, 42.21, 42.02, 42.99, 43.6, 43.89, 
45.09, 45.63, 43.67, 42.38, 41.22, 42.59, 42.37, 43.96, 45.24, 
45.54, 45.68, 45.44, 45.89, 45.13, 45.5, 45.48, 45.14, 44.67, 
43.22, 43.35, 44.78, 43.64, 44.52, 45.32, 45.81, 46.7, 48.14, 
48.83, 48.48, 48.85, 47.95, 47.76, 47.99, 48.51, 47.12, 46.39, 
44.62, 45.58, 45.14, 46.37, 46.59, 46.97, 48.04, 48.72, 49.35, 
49.08, 49.64, 49.09, 48.82, 47.95, 47.51, 47.81, 47.21, 46.58, 
45.35, 46.45, 47, 46.24, 46.27, 46.98, 46.34, 45.74, 45.14, 45.08, 
47.04, 46.54, 46.37, 46.56, 46.66, 46.18, 44.64, 44.82, 44.62, 
43.32, 43.51, 43.48, 43.74, 44.07, 44.05, 44.06, 44.11, 44.49, 
44.98, 45.41, 45.5, 46.34, 46.59, 47.15, 47.21, 47.43, 47.85, 
48.15, 47.15, 47.37, 48.69, 49.08, 48.58, 48.45, 47.68, 46.92, 
45.83, 44.51, 45.22, 44.68, 44.8, 43.69, 42.55, 42.79, 40.94, 
40.33, 40.59, 40.44, 40.19, 40.37, 40.87, 41.72, 41.31, 40.73, 
39.48, 39.78, 40.87, 40.37, 41.1, 41.71, 41.7, 41.73, 41.33, 
40.88, 40.84, 42.07, 42.33, 42.42, 42.2, 41.48, 41.74, 42.71, 
43.36, 43.69, 44.09, 43.36, 43.87, 44.09, 44.64, 45.02, 44.85, 
44.9, 45.47, 45.72, 45.77, 46.97, 47.49, 48.05, 47.5, 47.73, 
47.75, 47.97, 48.53, 49.4, 49.66, 50.37, 51.39, 51.46, 50.81, 
51.33, 52.26, 53.09, 52.7, 52.48, 52.46, 53.22, 54.07, 54.11, 
55.44, 55.77, 55.81, 56, 55.45, 54.37, 54.42, 55.52, 55.41, 56.21, 
56.67, 56.39, 55.76, 56.44, 56.22, 57.92, 57.96, 57.65, 57.32, 
58.16, 58.33, 58.68, 57.51, 57.29, 57.13, 57.98, 59.28, 59.91, 
59.19, 59.65, 60.51, 59.87, 59.29, 59.08, 59.6, 58.54, 57.41, 
56.19, 56.73, 57.2, 57, 57.33, 56.56, 57.52, 57.6, 56.85, 56.97, 
57.7, 58.85, 58.88, 59.14, 59, 59.89, 59.5, 58.38, 57.38, 55.61, 
55.98, 55.46, 56.24, 56.16, 54.57, 54.24, 55.01, 55.98, 55.43, 
56.39, 56.43, 55.42, 54.37, 54.75, 55.3, 55.73, 55.74, 56.23, 
57.97, 57.44, 57.68, 57.06, 57.38, 56.05, 54.72, 55.51, 55.44, 
56.66, 57.01, 57.6, 57, 56.11, 55.11, 53.9, 53.52, 54.03, 54.86, 
53.72, 53.41, 54.9, 55.87, 55.82, 56.13, 55.39, 56.65, 57.2, 
57.44, 58.11, 58.4, 59.6, 59.96, 61.24, 62.22, 61.5, 62.1, 62.84, 
63.95, 63.48, 64, 64.42, 65.06, 65.96, 66.37, 65.77, 65.31, 66.52, 
66.5, 67.27, 66.43, 66.73, 66.66, 65.18, 65.16, 64.64, 65.77, 
65.28, 64.86, 66.71, 67.68, 68.06, 68.29, 67.67, 68.19, 67.88, 
67.65, 66.72, 66.73, 66.97, 68.04, 68, 68.34, 69.47, 71.07, 71.62, 
71.84, 71.78, 72.04, 72.01, 70.91, 71.55, 69.66, 69.61, 68.75, 
68.13, 69.81, 70.48, 70.59, 70.16, 70.16, 70.42, 70.94, 70.45, 
69.55, 68.84, 67.9, 68.59, 66.3, 66.24, 62.65, 63.82, 59.47, 
59.38, 58.45, 55.89, 52.68, 54.75, 56.17, 57.83, 56.81, 57.2, 
58.12, 57.55, 59.01, 59.58, 59.12, 58.38, 58.89, 57.69, 56.27, 
57.07, 56.95, 55.59, 54.54, 57.75, 58.78, 60.16, 61.54, 62.26, 
63.06, 62.57, 62.64, 62.96, 64.13, 64.85, 65.18, 65.92, 66.31, 
66.17, 66.41, 65.92, 64.1, 65.33, 65.93, 66.19, 66.57, 68.28, 
68.77, 69.23, 69.7, 70.03, 70.52, 70.29, 70.02, 70.8, 70.41, 
70.25, 70.25, 69.37, 70.22, 69.64, 68.35, 68.54, 69.3, 70.48, 
71.49, 71.76, 72.5, 72.84, 73.17, 73.3, 72.13, 72.85, 72.27, 
73.32, 74.01, 73.83, 73.36, 72.35, 69.61, 73.23, 74, 74.06, 74.28, 
74.44, 75.5, 76.24, 76.56, 77.11, 77.04, 77.18, 77.48, 77.62, 
77.8, 78.31, 79.14, 78.92, 79.19, 79.94, 79.85, 80.55, 79.75, 
80.17, 81, 81.1, 80.73, 80.37, 79.02, 79.6, 80.89, 81.46, 82.6, 
83.36, 84.01, 83.46, 83.18, 81.86, 82.35, 82.07, 81.99, 82.76, 
83.45, 83.48, 84.21, 84.36, 85.22, 84.83, 85.14, 84.86, 85.23, 
85.21, 86.28, 85.16, 84.35, 83.66, 84.29, 84.15, 84.75, 85.37, 
86.21, 86.74, 87.56, 87.29, 86.17, 86.21, 87.43, 86.8, 87.21, 
86.84, 86.2, 86.53, 87.56, 88.15, 88.88, 89.11, 89.85, 90.1, 
88.75, 88.42, 87.11, 85.12, 85.34, 83.06, 85.16, 85.71, 85.69, 
84.07, 85.25, 86.07, 86.77, 86.69, 87.2, 88.06, 89.12, 90.05, 
90.02, 89.9, 90.85, 91.38, 91.98, 92.42, 92.37, 92.55, 92.24, 
92.03, 91.27, 91.8, 92.08, 92.19, 92.43, 93.14, 93.5, 93.47, 
93.31, 93.26, 93.81, 92.41, 91.14, 89.24, 88.85, 88.53, 89.54, 
89.94, 91.76, 91.99, 92.27, 91.06, 87.84, 85.47, 85.43, 87.33, 
86.06, 86.44, 86.51, 86.58, 85.61, 87.61, 87.08, 85.41, 83.6, 
84, 83.17, 79.62, 76.41, 77.42, 76.29, 79.99, 77.67, 76.56, 73.2, 
76.6, 78.19, 80.24, 80.81, 81.94, 81.26, 80.85, 80.13, 82.14, 
81.58, 81.47, 80.33, 82.18, 84.53, 86.07, 86.16, 87.36, 87.63, 
87.89, 87.41, 88.29, 88.89, 90.25, 90.94, 90.2, 89.36, 90.43, 
92.3, 94.01, 94.44, 93.48, 92.07, 90.98, 89.79, 91.56, 92.54, 
92, 90.64, 91.69, 92.74, 94.04, 94.49, 95.83, 95.15, 94.78, 92.7, 
93.68, 94.36, 96.27, 97, 96.71, 97.26, 96, 95.38, 94.96, 91.78, 
92.21, 92.82, 93.9, 94.5, 95.42, 95.03, 95.2, 96.47, 95.94, 96.72, 
95.24, 93.45, 92.27, 89.86, 89.96, 90.89, 89.11, 89.03, 89.1, 
88.42, 90.2, 93.29, 96.53, 95.85, 97.21, 98.66, 98.5, 96.9, 97.15, 
98.68, 101.27, 101.13, 100.66, 99.58, 100.91, 102.34, 100.46, 
98.34, 96.63, 97.01, 98.68, 98.69, 98.86, 101.2, 100.86, 101.66, 
102.31, 103.71, 103.18, 104.82, 104.2, 103.06, 103.95, 105.78, 
106.3, 108.37, 107.93, 107.58, 106.34, 104.74, 103.99, 100.93, 
102.03, 102.38, 103.01, 103.53, 103.61, 99.79, 98.13, 98.65, 
98, 99.63, 101.51, 100.68, 101.65, 101.24, 101.72, 104, 105.05, 
105.94, 104.59, 103.46, 102.12, 98.65, 96.67, 97.33, 99.61, 95.77, 
94.95, 92.06, 93.47, 93.94, 94, 95.92, 95.51, 93.64, 94.13, 95.19, 
94.16, 93.19, 93.56, 96.26, 98.12, 97.12, 98.26, 97.07, 94.32, 
93.81, 91.73, 90.81, 91.38, 91.89, 93, 92.4, 90.92, 89.37, 85.02, 
86.33, 86.54, 88.03, 89.5, 89.44, 87.86, 87.06, 89.92, 89.39, 
88.24, 85.67, 82.77, 81.44, 79.44, 76.9, 72.25, 76.55, 76.17, 
73.88, 77.05, 73.47, 72.92, 74.45, 77.69, 77.82, 78.05, 77.28, 
75.18, 79.24, 81.86, 82.83, 82.52, 82.62, 82.83, 85.16, 85.08, 
84.28, 83.77, 83.25, 84.22, 83.37, 83.72, 85.93, 89.46, 90.26, 
90.22, 90.61, 92.15, 92.19, 93.03, 94.88, 95.88, 96.93, 98.43, 
96.74, 96.75, 98.96, 99.57, 101.01, 99.95, 100.56, 102.1, 103.49, 
104.05, 103.95, 102.87, 102.21, 100.99, 99.63, 101.3, 101.07, 
98.97, 97.99, 99.78, 100.69, 99.11, 98.94, 95.58, 94.25, 95.69, 
